Professores = {"P1", "P2", "P3", "P4", "P5", "P6", "P7", "P8", "P9", "P10", "P11", "P14"}//"Ana Cassia", "Chaguinha", "Edipo", "Erivan", "Euda", "Galvan", "Gerlane", "Gracinha", "Itamar", "Jayana", "Jean", "Wesclle"};

Turmas = {"3F", "4F", "5F", "6F","7F", "8F", "9F", "3M"};

TurmaMoT = [ 0, 0, 0, 1, 1, 1, 1, 2];

ProfDisciplinas = [
//P1             1  2  3  4  5  6  7  8  9 10 11 12 13 14 15 16 17 18
/*3F*/        [[ 0, 0, 0, 0, 0, 0, 0, 0, 0, 1, 0, 0, 0, 0, 0, 0, 0, 0],
/*4F*/         [ 0, 0, 0, 0, 0, 0, 0, 0, 0, 1, 0, 0, 0, 0, 0, 0, 0, 0],
/*5F*/         [ 0, 0, 0, 0, 0, 0, 0, 0, 0, 1, 0, 0, 0, 0, 0, 0, 0, 0],
/*6F*/         [ 0, 0, 0, 0, 0, 0, 0, 0, 0, 0, 0, 0, 0, 0, 0, 0, 0, 0],
/*7F*/         [ 0, 0, 0, 0, 0, 0, 0, 0, 0, 0, 0, 0, 0, 0, 0, 0, 0, 0],
/*8F*/         [ 0, 0, 0, 0, 0, 0, 0, 0, 0, 0, 0, 0, 0, 0, 0, 0, 0, 0],
/*9F*/         [ 0, 0, 0, 0, 0, 0, 0, 0, 0, 0, 0, 0, 0, 0, 0, 0, 0, 0],
/*3M*/         [ 0, 0, 0, 0, 0, 0, 0, 0, 0, 0, 0, 0, 0, 0, 0, 0, 0, 0]
],
//P2             1  2  3  4  5  6  7  8  9 10 11 12 13 14 15 16 17 18
/*3F*/        [[ 0, 0, 0, 0, 0, 0, 0, 0, 0, 0, 0, 0, 0, 0, 0, 0, 0, 0],
/*4F*/         [ 0, 0, 0, 0, 0, 0, 0, 0, 0, 0, 0, 0, 0, 0, 0, 0, 0, 0],
/*5F*/         [ 0, 0, 0, 0, 0, 0, 0, 0, 0, 0, 0, 0, 0, 0, 0, 0, 0, 0],
/*6F*/         [ 0, 0, 0, 0, 0, 0, 0, 0, 1, 0, 0, 0, 0, 0, 0, 0, 0, 0],
/*7F*/         [ 0, 0, 0, 0, 0, 0, 0, 0, 1, 0, 0, 0, 0, 0, 0, 0, 0, 0],
/*8F*/         [ 0, 0, 0, 0, 0, 0, 0, 0, 1, 0, 0, 0, 0, 0, 0, 0, 0, 0],
/*9F*/         [ 0, 0, 0, 0, 0, 0, 0, 0, 0, 0, 0, 0, 0, 0, 0, 0, 0, 0],
/*3M*/         [ 1, 0, 0, 0, 0, 0, 0, 0, 0, 0, 0, 0, 0, 0, 1, 0, 0, 0]
],
//P3             1  2  3  4  5  6  7  8  9 10 11 12 13 14 15 16 17 18
/*3F*/        [[ 0, 0, 0, 0, 0, 0, 0, 0, 0, 0, 0, 1, 0, 0, 0, 0, 0, 0],
/*4F*/         [ 0, 0, 0, 0, 0, 0, 0, 0, 0, 0, 0, 1, 0, 0, 0, 0, 0, 0],
/*5F*/         [ 0, 0, 0, 0, 0, 0, 0, 0, 0, 0, 0, 1, 0, 0, 0, 0, 0, 0],
/*6F*/         [ 0, 0, 0, 0, 0, 0, 0, 0, 0, 0, 0, 1, 0, 0, 0, 0, 0, 0],
/*7F*/         [ 0, 0, 0, 0, 0, 0, 0, 0, 0, 0, 0, 1, 0, 0, 0, 0, 0, 0],
/*8F*/         [ 0, 0, 0, 0, 0, 0, 0, 0, 0, 0, 0, 1, 0, 0, 0, 0, 0, 0],
/*9F*/         [ 0, 0, 0, 0, 0, 0, 0, 0, 0, 0, 0, 1, 0, 0, 0, 0, 0, 0],
/*3M*/         [ 0, 0, 0, 0, 0, 0, 0, 0, 0, 0, 0, 1, 0, 0, 0, 0, 0, 0]
],                 
//P4             1  2  3  4  5  6  7  8  9 10 11 12 13 14 15 16 17 18
/*3F*/        [[ 0, 0, 0, 0, 0, 0, 0, 0, 0, 0, 0, 0, 0, 0, 0, 0, 0, 0],
/*4F*/         [ 0, 0, 0, 0, 0, 0, 0, 0, 0, 0, 0, 0, 0, 0, 0, 0, 0, 0],
/*5F*/         [ 0, 0, 0, 0, 0, 0, 0, 0, 0, 0, 0, 0, 0, 0, 0, 0, 0, 0],  
/*6F*/         [ 1, 0, 0, 0, 0, 0, 0, 0, 0, 0, 0, 0, 0, 0, 0, 0, 0, 0],
/*7F*/         [ 1, 0, 0, 0, 0, 0, 0, 0, 0, 0, 0, 0, 0, 0, 0, 0, 0, 0],
/*8F*/         [ 1, 0, 0, 0, 0, 0, 0, 0, 0, 0, 0, 0, 0, 0, 0, 0, 0, 0],
/*9F*/         [ 1, 0, 0, 0, 0, 0, 0, 0, 0, 0, 0, 0, 0, 0, 0, 0, 0, 0],
/*3M*/         [ 0, 0, 0, 0, 0, 0, 0, 0, 0, 0, 0, 0, 0, 0, 0, 0, 0, 0]
],
//P5             1  2  3  4  5  6  7  8  9 10 11 12 13 14 15 16 17 18
/*3F*/        [[ 0, 0, 0, 0, 0, 1, 0, 1, 1, 0, 0, 0, 0, 0, 0, 0, 0, 0],
/*4F*/         [ 0, 0, 0, 0, 0, 1, 0, 1, 1, 0, 0, 0, 0, 0, 0, 0, 0, 0],
/*5F*/         [ 0, 0, 0, 0, 0, 1, 0, 1, 1, 0, 0, 0, 0, 0, 0, 0, 0, 0],
/*6F*/         [ 0, 0, 0, 0, 0, 0, 0, 0, 0, 0, 0, 0, 0, 0, 0, 0, 0, 0],
/*7F*/         [ 0, 0, 0, 0, 0, 0, 0, 0, 0, 0, 0, 0, 0, 0, 0, 0, 0, 0],
/*8F*/         [ 0, 0, 0, 0, 0, 0, 0, 0, 0, 0, 0, 0, 0, 0, 0, 0, 0, 0],
/*9F*/         [ 0, 0, 0, 0, 0, 0, 0, 0, 0, 0, 0, 0, 0, 0, 0, 0, 0, 0],
/*3M*/         [ 0, 0, 0, 0, 0, 0, 0, 0, 0, 0, 0, 0, 0, 0, 0, 0, 0, 0]
],
//P6             1  2  3  4  5  6  7  8  9 10 11 12 13 14 15 16 17 18
/*3F*/        [[ 0, 0, 0, 0, 0, 0, 0, 0, 0, 0, 0, 0, 0, 0, 0, 0, 0, 0],
/*4F*/         [ 0, 0, 0, 0, 0, 0, 0, 0, 0, 0, 0, 0, 0, 0, 0, 0, 0, 0],
/*5F*/         [ 0, 0, 0, 0, 0, 0, 0, 0, 0, 0, 0, 0, 0, 0, 0, 0, 0, 0],
/*6F*/         [ 0, 0, 1, 0, 0, 0, 0, 1, 0, 0, 0, 0, 0, 0, 0, 0, 0, 0],
/*7F*/         [ 0, 0, 1, 0, 0, 0, 0, 1, 0, 0, 0, 0, 0, 0, 0, 0, 0, 0],
/*8F*/         [ 0, 0, 1, 0, 0, 0, 0, 1, 0, 0, 0, 0, 0, 0, 0, 0, 0, 0],
/*9F*/         [ 0, 0, 1, 0, 0, 0, 0, 1, 1, 0, 0, 0, 0, 0, 0, 0, 0, 0],
/*3M*/         [ 0, 0, 1, 0, 0, 0, 0, 1, 1, 0, 0, 0, 0, 0, 0, 1, 0, 0]
],
//P7             1  2  3  4  5  6  7  8  9 10 11 12 13 14 15 16 17 18
/*3F*/        [[ 1, 0, 0, 0, 0, 0, 0, 0, 0, 0, 0, 0, 0, 0, 0, 0, 0, 1],
/*4F*/         [ 1, 0, 0, 0, 0, 0, 0, 0, 0, 0, 0, 0, 0, 0, 0, 0, 0, 1],
/*5F*/         [ 1, 0, 0, 0, 0, 0, 0, 0, 0, 0, 0, 0, 0, 0, 0, 0, 0, 1],
/*6F*/         [ 0, 0, 0, 0, 0, 0, 0, 0, 0, 0, 0, 0, 0, 0, 0, 0, 0, 0],
/*7F*/         [ 0, 0, 0, 0, 0, 0, 0, 0, 0, 0, 0, 0, 0, 0, 0, 0, 0, 0],
/*8F*/         [ 0, 0, 0, 0, 0, 0, 0, 0, 0, 0, 0, 0, 0, 0, 0, 0, 0, 0],
/*9F*/         [ 0, 0, 0, 0, 0, 0, 0, 0, 0, 0, 0, 0, 0, 0, 0, 0, 0, 0],
/*3M*/         [ 0, 0, 0, 0, 0, 0, 0, 0, 0, 0, 0, 0, 0, 0, 0, 0, 0, 0]
],
//P8             1  2  3  4  5  6  7  8  9 10 11 12 13 14 15 16 17 18
/*3F*/        [[ 0, 1, 0, 1, 0, 0, 1, 0, 0, 0, 1, 0, 0, 0, 0, 0, 0, 0],
/*4F*/         [ 0, 1, 0, 1, 0, 0, 1, 0, 0, 0, 1, 0, 0, 0, 0, 0, 0, 0],
/*5F*/         [ 0, 1, 0, 1, 0, 0, 1, 0, 0, 0, 1, 0, 0, 0, 0, 0, 0, 0],
/*6F*/         [ 0, 1, 0, 0, 0, 0, 1, 0, 0, 1, 1, 0, 0, 0, 0, 0, 0, 0],
/*7F*/         [ 0, 1, 0, 0, 0, 0, 1, 0, 0, 1, 1, 0, 0, 0, 0, 0, 0, 0],
/*8F*/         [ 0, 1, 0, 0, 0, 0, 1, 0, 0, 1, 1, 0, 0, 0, 0, 0, 0, 0],
/*9F*/         [ 0, 0, 0, 0, 0, 0, 0, 0, 0, 1, 0, 0, 0, 0, 0, 0, 0, 0],
/*3M*/         [ 0, 0, 0, 0, 0, 0, 0, 0, 0, 0, 0, 0, 0, 0, 0, 0, 0, 0]
],
//P9             1  2  3  4  5  6  7  8  9 10 11 12 13 14 15 16 17 18
/*3F*/        [[ 0, 0, 0, 0, 0, 0, 0, 0, 0, 0, 0, 0, 0, 0, 0, 0, 0, 0],
/*4F*/         [ 0, 0, 0, 0, 0, 0, 0, 0, 0, 0, 0, 0, 0, 0, 0, 0, 0, 0],
/*5F*/         [ 0, 0, 0, 0, 0, 0, 0, 0, 0, 0, 0, 0, 0, 0, 0, 0, 0, 0],
/*6F*/         [ 0, 0, 0, 0, 0, 0, 0, 0, 0, 0, 0, 0, 0, 0, 0, 0, 0, 0],
/*7F*/         [ 0, 0, 0, 0, 0, 0, 0, 0, 0, 0, 0, 0, 0, 0, 0, 0, 0, 0],
/*8F*/         [ 0, 0, 0, 0, 0, 0, 0, 0, 0, 0, 0, 0, 0, 0, 0, 0, 0, 0],
/*9F*/         [ 0, 1, 0, 0, 0, 0, 1, 0, 0, 0, 1, 0, 0, 0, 0, 0, 0, 0],
/*3M*/         [ 0, 0, 0, 0, 0, 0, 1, 0, 0, 0, 1, 0, 0, 0, 0, 0, 1, 0]
],
//P10            1  2  3  4  5  6  7  8  9 10 11 12 13 14 15 16 17 18
/*3F*/        [[ 0, 0, 0, 0, 0, 0, 0, 0, 0, 0, 0, 0, 0, 0, 0, 0, 0, 0],
/*4F*/         [ 0, 0, 0, 0, 0, 0, 0, 0, 0, 0, 0, 0, 0, 0, 0, 0, 0, 0],
/*5F*/         [ 0, 0, 0, 0, 0, 0, 0, 0, 0, 0, 0, 0, 0, 0, 0, 0, 0, 0],
/*6F*/         [ 0, 0, 0, 0, 0, 1, 0, 0, 0, 0, 0, 0, 0, 0, 0, 0, 0, 0],
/*7F*/         [ 0, 0, 0, 0, 0, 1, 0, 0, 0, 0, 0, 0, 0, 0, 0, 0, 0, 0],
/*8F*/         [ 0, 0, 0, 0, 0, 0, 0, 0, 0, 0, 0, 0, 0, 1, 0, 0, 0, 0],
/*9F*/         [ 0, 0, 0, 0, 0, 0, 0, 0, 0, 0, 0, 0, 0, 1, 0, 0, 0, 0],
/*3M*/         [ 0, 0, 0, 0, 0, 0, 0, 0, 0, 0, 0, 0, 0, 1, 0, 0, 0, 0]
],
//P11            1  2  3  4  5  6  7  8  9 10 11 12 13 14 15 16 17 18
/*3F*/        [[ 0, 0, 0, 0, 0, 0, 0, 0, 0, 0, 0, 0, 0, 0, 0, 0, 0, 0],
/*4F*/         [ 0, 0, 0, 0, 0, 0, 0, 0, 0, 0, 0, 0, 0, 0, 0, 0, 0, 0],
/*5F*/         [ 0, 0, 0, 0, 0, 0, 0, 0, 0, 0, 0, 0, 0, 0, 0, 0, 0, 0],
/*6F*/         [ 0, 0, 0, 1, 1, 0, 0, 0, 0, 0, 0, 0, 0, 0, 0, 0, 0, 0],
/*7F*/         [ 0, 0, 0, 1, 1, 0, 0, 0, 0, 0, 0, 0, 0, 0, 0, 0, 0, 0],
/*8F*/         [ 0, 0, 0, 1, 1, 0, 0, 0, 0, 0, 0, 0, 0, 0, 0, 0, 0, 0],
/*9F*/         [ 0, 0, 0, 1, 1, 0, 0, 0, 0, 0, 0, 0, 0, 0, 0, 0, 0, 0],
/*3M*/         [ 0, 0, 0, 1, 1, 0, 0, 0, 0, 0, 0, 0, 0, 0, 0, 0, 0, 0]
],
//P14            1  2  3  4  5  6  7  8  9 10 11 12 13 14 15 16 17 18
/*3F*/        [[ 0, 0, 0, 0, 0, 0, 0, 0, 0, 0, 0, 0, 0, 0, 0, 0, 0, 0],
/*4F*/         [ 0, 0, 0, 0, 0, 0, 0, 0, 0, 0, 0, 0, 0, 0, 0, 0, 0, 0],
/*5F*/         [ 0, 0, 0, 0, 0, 0, 0, 0, 0, 0, 0, 0, 0, 0, 0, 0, 0, 0],
/*6F*/         [ 0, 0, 0, 0, 0, 0, 0, 0, 0, 0, 0, 0, 0, 0, 0, 0, 0, 0],
/*7F*/         [ 0, 0, 0, 0, 0, 0, 0, 0, 0, 0, 0, 0, 0, 0, 0, 0, 0, 0],
/*8F*/         [ 0, 0, 0, 0, 0, 0, 0, 0, 0, 0, 0, 0, 1, 0, 1, 0, 0, 0],
/*9F*/         [ 0, 0, 0, 0, 0, 0, 0, 0, 0, 0, 0, 0, 1, 0, 1, 0, 0, 0],
/*3M*/         [ 0, 0, 0, 0, 0, 0, 0, 0, 0, 0, 0, 0, 1, 0, 0, 0, 0, 0]
]
];

ProfDisponibilidade =[
//            SEG-M       TER-M       QUA-M       QUI-M       SEX-M       SEG-T       TER-T       QUA-T       QUI-T       SEX-T 
/*P1*/    [[1,1,1,1,0],[1,1,1,1,0],[1,1,1,1,0],[1,1,1,1,0],[1,1,1,1,0],[0,0,0,0,0],[0,0,0,0,0],[0,0,0,0,0],[0,0,0,0,0],[0,0,0,0,0]],
/*P2*/    [[0,0,0,0,0],[0,0,0,0,0],[0,0,0,0,0],[0,0,0,0,0],[0,0,0,0,0],[0,0,0,0,0],[0,0,0,0,0],[1,1,1,1,1],[1,1,1,1,1],[1,1,1,1,1]],
/*P3*/    [[1,1,1,1,0],[1,1,1,1,0],[1,1,1,1,0],[1,1,1,1,0],[1,1,1,1,0],[1,1,1,1,1],[1,1,1,1,1],[1,1,1,1,1],[1,1,1,1,1],[1,1,1,1,1]],
/*P4*/    [[0,0,0,0,0],[0,0,0,0,0],[0,0,0,0,0],[0,0,0,0,0],[0,0,0,0,0],[1,1,1,1,1],[0,0,0,0,0],[1,1,1,1,1],[1,1,1,1,1],[1,1,1,1,1]],
/*P5*/    [[1,1,1,1,0],[1,1,1,1,0],[1,1,1,1,0],[1,1,1,1,0],[1,1,1,1,0],[0,0,0,0,0],[0,0,0,0,0],[1,1,1,1,1],[1,1,1,1,1],[1,1,1,1,1]],
/*P6*/    [[0,0,0,0,0],[0,0,0,0,0],[0,0,0,0,0],[0,0,0,0,0],[0,0,0,0,0],[1,1,1,1,1],[1,1,1,1,1],[1,1,1,1,1],[1,1,1,1,1],[0,0,0,0,0]],
/*P7*/    [[1,1,1,1,0],[1,1,1,1,0],[1,1,1,1,0],[1,1,1,1,0],[1,1,1,1,0],[0,0,0,0,0],[0,0,0,0,0],[1,1,1,1,1],[1,1,1,1,1],[1,1,1,1,1]],
/*P8*/    [[1,1,1,1,0],[1,1,1,1,0],[1,1,1,1,0],[1,1,1,1,0],[1,1,1,1,0],[1,1,1,1,1],[1,1,1,1,1],[1,1,1,1,1],[0,0,0,0,0],[1,1,1,1,1]],
/*P9*/    [[0,0,0,0,0],[0,0,0,0,0],[0,0,0,0,0],[0,0,0,0,0],[0,0,0,0,0],[0,0,0,0,0],[0,0,0,0,0],[1,1,1,1,1],[1,1,1,1,1],[0,0,0,0,0]],
/*P10*/   [[0,0,0,0,0],[1,1,1,1,0],[0,0,0,0,0],[0,0,0,0,0],[0,0,0,0,0],[0,0,0,0,0],[1,1,1,1,1],[0,0,0,0,0],[1,1,1,1,1],[1,1,1,1,1]],
/*P11*/   [[0,0,0,0,0],[0,0,0,0,0],[0,0,0,0,0],[0,0,0,0,0],[0,0,0,0,0],[1,1,1,1,1],[1,1,1,1,1],[0,0,0,0,0],[0,0,0,0,0],[1,1,1,1,1]],
/*P14*/   [[0,0,0,0,0],[1,1,1,1,0],[0,0,0,0,0],[0,0,0,0,0],[0,0,0,0,0],[1,1,1,1,1],[1,1,1,1,1],[0,0,0,0,0],[0,0,0,0,0],[0,0,0,0,0]]
];
//ProfFora = [ 0, 0, 0, 0, 0, 0, 1];
TurmaPeriodo =
//            SEG-M       TER-M       QUA-M       QUI-M       SEX-M       SEG-T       TER-T       QUA-T       QUI-T       SEX-T     
/*3F*/   [[[1,1,1,1,0],[1,1,1,1,0],[1,1,1,1,0],[1,1,1,1,0],[1,1,1,1,0],[0,0,0,0,0],[0,0,0,0,0],[0,0,0,0,0],[0,0,0,0,0],[0,0,0,0,0]],
/*4F*/    [[1,1,1,1,0],[1,1,1,1,0],[1,1,1,1,0],[1,1,1,1,0],[1,1,1,1,0],[0,0,0,0,0],[0,0,0,0,0],[0,0,0,0,0],[0,0,0,0,0],[0,0,0,0,0]],
/*5F*/    [[1,1,1,1,0],[1,1,1,1,0],[1,1,1,1,0],[1,1,1,1,0],[1,1,1,1,0],[0,0,0,0,0],[0,0,0,0,0],[0,0,0,0,0],[0,0,0,0,0],[0,0,0,0,0]],
/*6F*/    [[0,0,0,0,0],[0,0,0,0,0],[0,0,0,0,0],[0,0,0,0,0],[0,0,0,0,0],[1,1,1,1,1],[1,1,1,1,1],[1,1,1,1,1],[1,1,1,1,1],[1,1,1,1,1]],
/*7F*/    [[0,0,0,0,0],[0,0,0,0,0],[0,0,0,0,0],[0,0,0,0,0],[0,0,0,0,0],[1,1,1,1,1],[1,1,1,1,1],[1,1,1,1,1],[1,1,1,1,1],[1,1,1,1,1]],
/*8F*/    [[0,0,0,0,0],[0,0,0,0,0],[0,0,0,0,0],[0,0,0,0,0],[0,0,0,0,0],[1,1,1,1,1],[1,1,1,1,1],[1,1,1,1,1],[1,1,1,1,1],[1,1,1,1,1]],
/*9F*/    [[0,0,0,0,0],[0,0,0,0,0],[0,0,0,0,0],[0,0,0,0,0],[0,0,0,0,0],[1,1,1,1,1],[1,1,1,1,1],[1,1,1,1,1],[1,1,1,1,1],[1,1,1,1,1]],
/*3M*/    [[0,0,0,0,0],[1,1,1,1,0],[0,0,0,0,0],[0,0,0,0,0],[0,0,0,0,0],[1,1,1,1,1],[1,1,1,1,1],[1,1,1,1,1],[1,1,1,1,1],[1,1,1,1,1]]
];

TurmaCargaHoraria = 
//                       3F 4F 5F 6F 7F 8F 9F 3M
/*D1:Matemática*/       [[5, 5, 5, 5, 5, 5, 5, 4],
/*D2:Texto*/             [2, 2, 2, 2, 2, 2, 2, 0],
/*D3:Filosofia*/         [0, 0, 0, 1, 1, 1, 1, 1],
/*D4:Ingles*/            [1, 1, 1, 1, 1, 1, 1, 1],
/*D5:Espanhol*/          [0, 0, 0, 1, 1, 1, 1, 1],
/*D6:Ciências*/          [2, 2, 2, 2, 2, 0, 0, 0],
/*D7:Gramática*/         [2, 2, 2, 2, 2, 2, 2, 2],
/*D8:História*/          [2, 2, 2, 2, 2, 2, 2, 2],
/*D9:Geografia*/         [2, 2, 2, 2, 2, 2, 2, 2],
/*D10:Artes*/            [1, 1, 1, 1, 1, 1, 1, 0],
/*D11:Redação*/          [1, 1, 1, 1, 1, 1, 1, 1],
/*D12:Ed. Física*/       [1, 1, 1, 1, 1, 1, 1, 1],
/*D13:Química*/          [0, 0, 0, 0, 0, 2, 2, 3],
/*D14:Biologia*/         [0, 0, 0, 0, 0, 2, 2, 3],
/*D15:Fisica*/           [0, 0, 0, 0, 0, 2, 2, 3],
/*D16:Sociologia*/       [0, 0, 0, 0, 0, 0, 0, 1],
/*D17:Literatura*/       [0, 0, 0, 0, 0, 0, 0, 2],
/*D18:Ética*/            [1, 1, 1, 0, 0, 0, 0, 0]
];






